7.789418250478907346e+00
8.501106878524566923e+00
5.631344826704115292e+00
3.308937064896326774e+00
3.987013753945643835e+00
3.858464057210920117e+00
3.487521566926028882e+00
8.424121616379043331e+00
5.234606196918814014e+00
6.886434416609617415e+00
1.142506874275738715e+00
7.428632480849937991e+00
1.486834993534248284e+01
3.496674102710005005e+00
5.123436969272256114e+00
3.957257609270371290e+00
7.381116253563857477e+00
1.334682562447305720e+01
5.374398136401891790e+00
1.351781327371383234e+01
5.372803481325708397e+00
8.824570421357798011e+00
6.149800706100117864e+00
9.423695903059448042e+00
1.085367008367599695e+01
4.994905824330877486e+00
5.323317354048525019e+00
6.560479871043119360e+00
5.985508306316166482e+00
6.965708842559977576e+00
4.641736910212236999e+00
1.073039373836624222e+01
4.392705871740216317e+00
3.757030217663472005e+00
3.867922402592933295e+00
2.595540902969820429e+00
5.432134429907058859e+00
2.232573134715628349e+00
4.905457587422391796e+00
1.219333676940241951e+01
3.814782419132713986e+00
9.820761934187995479e+00
5.782986616266142299e+00
8.036452883992501128e+00
7.354380977617022808e+00
4.349297004757300300e+00
7.341522337634624584e+00
1.054365026958838669e+01
8.392507870531296987e+00
3.710608294941977192e+00
9.325726788630833042e+00
2.463639033544535550e+01
3.045667675143962860e+00
4.881583825439551383e+00
2.885797500999347509e+00
5.097653781856557487e+00
1.013559824919972030e+01
2.129929870759247734e+01
5.068984526685698100e+00
7.358545122885908008e+00
1.265514823033258018e+01
4.424337296121658269e+00
8.076356364732898641e+00
1.292404436453180949e+01
1.258037585390903823e+00
5.752506305735794356e+00
5.946854755008188498e-01
1.987842881156378638e+01
2.446401735247264231e+00
4.460334529488505062e+00
4.592724724810241632e+00
6.217725870202988503e+00
1.579554615441908449e+00
1.349497864414263226e+01
6.634859181781092019e+00
2.091586986188481934e+00
5.091824614671669913e+00
3.552767945301919639e+00
1.621896323946854235e+00
1.455504309076015801e+00
1.728276429735291231e+01
7.816485218990754547e+00
9.670663435842380196e+00
7.944897282496555135e+00
4.885003798629346861e+00
1.641756913488769598e+01
1.371926954495231321e+01
1.004311572339659975e+01
6.417031381805412771e+00
6.179073222919452490e+00
1.248366173526390099e+01
7.125341258979327463e+00
1.044553332743409513e+01
1.147135025022000576e+01
7.533924627003921515e+00
1.122788837056536337e+01
6.509282293261621888e+00
7.323954423647784928e+00
1.490787787419287191e+01
2.186110543253662541e+01
