0.000000000000000000e+00 9.133044161886263446e-01
5.263157894736841813e-01 8.276650268999312665e-01
1.052631578947368363e+00 5.839998894424193177e-01
1.578947368421052655e+00 3.217540051959836833e-01
2.105263157894736725e+00 -3.033543129559240770e-02
2.631578947368420796e+00 1.193490565075602527e-01
3.157894736842105310e+00 9.967920755512463260e-02
3.684210526315789380e+00 2.659941266592944498e-01
4.210526315789473450e+00 5.216732753444629500e-01
4.736842105263157521e+00 1.021146794176047479e+00
5.263157894736841591e+00 1.471093684172780192e+00
5.789473684210525661e+00 2.198895166330240514e+00
6.315789473684210620e+00 2.691231495176731325e+00
6.842105263157894690e+00 2.946241034365592704e+00
7.368421052631578760e+00 2.853246233942440035e+00
7.894736842105262831e+00 2.472959358338009395e+00
8.421052631578946901e+00 1.912578966245618295e+00
8.947368421052631859e+00 1.353501146294421753e+00
9.473684210526315042e+00 7.467910035930193091e-01
1.000000000000000000e+01 4.665063213167405798e-01
